# Date range: Mar 12, 2020 - Apr 16, 2022


################# NJ #################
series: [{
            name: 'Currently Infected',
            color: '#00DDDD',
            lineWidth: 5,
            data: [30,53,73,103,187,280,447,777,933,1392,2010,2988,3853,4607,7210,9249,11655,14031,17439,19555,23239,26595,31049,35336,38758,42472,45772,48706,52318,55864,58803,62560,65365,68915,70907,75096,78118,81022,85006,88549,91975,95355,99406,101522,104806,108457,110630,113067,115296,117377,119763,122240,126043,128000,130167,131326,133238,135149,136444,137783,138868,139656,138624,139641,140992,141793,143522,142046,142782,143722,144921,144161,143781,142307,142050,140072,137425,134437,131038,128257,125557,123176,120565,117396,114413,111265,107997,105555,102112,100148,96061,93245,90783,87099,83686,80263,77072,73003,71141,67976,64601,62747,60219,58293,55924,53603,51292,47625,46018,43604,42772,40881,39130,38009,36745,35940,35418,35060,34091,32785,32281,30678,28961,28440,27709,26584,26128,25944,25393,24188,23911,23348,22222,21306,21088,20589,20027,20141,20076,19520,19288,19337,19298,18631,18871,18558,18577,18284,18219,18277,18126,18164,18173,18120,18056,18243,18359,18452,18283,18469,18418,18179,18205,18176,18359,18103,18132,17970,17912,18045,17968,17684,17670,17818,17784,17693,17775,17797,17619,17530,17566,17460,17592,17993,18382,18563,18695,18802,18909,19111,19281,19312,19026,18921,19213,19204,19375,19709,20217,20470,21063,20918,21193,21634,22115,22777,22919,23340,23587,23848,24706,25165,25538,26014,26126,27053,27950,28673,29357,30088,30973,32040,32974,33845,34553,35573,37155,37918,39251,40889,42228,43582,45482,46579,47980,49506,51265,53591,55246,57097,59902,61895,63907,68018,70283,73677,76755,80689,84551,87691,91634,94788,99223,102751,106103,109037,113747,118258,121662,124716,128909,131548,135009,138798,143492,147061,151334,156413,160457,167611,171102,175557,180272,184480,187274,191189,194895,199614,202312,207634,210563,213496,215887,219344,221739,224604,227835,230946,234168,236161,236439,239624,240601,242641,245083,246770,251060,253481,252028,254723,256949,260836,263476,263257,265251,266115,265129,269130,271768,273880,276078,276087,274673,274961,276358,276146,276892,279715,280614,279295,278891,278272,276931,277764,275318,274847,272721,269949,266905,266225,265110,264511,262882,261465,258444,258399,257186,257138,255607,253450,250226,248724,247279,245735,244961,245706,242437,241298,239961,238152,236672,233767,232943,232277,229823,226731,222775,218749,217136,215228,212517,211694,206486,203053,200430,198571,197262,196804,195035,193295,192484,192703,189889,189547,188667,187071,186998,186301,184195,184454,184805,185870,186330,188786,189091,190396,190359,190459,191781,191038,190328,190855,191390,191762,193163,195136,193075,193740,193960,194782,196205,198075,198528,197550,197223,197043,196346,195004,195412,197078,198617,199157,198073,196642,194808,193922,192874,189793,187062,185799,183020,180159,177562,175157,171669,167978,164035,160104,155562,153029,150236,145847,142444,138991,134002,130043,126007,122767,118061,114817,109665,105576,101448,97970,95458,92012,87992,83973,80110,76840,73867,72547,67978,64673,60970,56980,53386,50540,48616,46056,42873,39962,37396,34913,33463,32081,30094,28224,26248,24662,23410,22457,21649,20795,18496,17273,16525,16185,16032,16022,15549,15219,15063,15071,14825,14873,14817,14389,14305,14102,13896,14013,14271,14612,14535,14798,15102,15583,16236,16852,17262,17626,18146,18815,19598,20358,21324,22054,22739,23863,24745,25937,27031,28365,29309,29919,31258,32705,34289,35922,38350,39500,40552,42090,43494,45164,47858,49861,51165,52565,54212,56093,57829,60213,62025,63795,65138,66972,68909,71041,72459,74420,75919,77510,77482,80509,82211,84319,86389,87926,88802,90127,91646,93672,95171,97200,98601,99429,100627,101895,103009,104059,105367,105614,105459,106093,106617,107577,107699,108469,109084,108702,108642,108638,108854,108161,108717,108860,108012,107973,107686,106372,105590,105602,104893,103815,102928,101981,100840,100607,99911,99207,98037,97210,95946,96163,95225,94767,94048,94516,92228,91329,90176,89022,88581,87986,86814,85996,84687,84129,83333,83076,83166,82380,81768,81464,81694,81698,82813,83285,82949,83574,83454,84616,84830,85381,86007,86591,87999,89141,91746,94392,97400,99973,101343,103543,106175,110423,114441,118158,121264,123321,126620,130137,135661,141932,148805,155232,160873,168068,178009,194816,212529,230855,244223,252758,266679,291635,325416,357727,389224,414864,435153,463087,498535,528899,565695,596667,623856,645172,668526,689277,710619,731458,746646,760585,767043,775952,783890,793685,803468,810462,817472,819077,821516,824073,826241,831869,833780,833025,831244,830379,828719,827071,825437,824622,823252,820083,816997,812130,807862,802768,797323,791527,784238,773962,758401,742150,724978,726226,727663,689618,664441,630434,598455,567491,542239,521870,493098,456992,426217,389036,357778,330407,308096,283720,261675,238999,217262,201653,186991,178438,167803,157644,145141,134314,126898,118561,114278,109106,102842,97228,88644,84434,83175,82037,79241,76264,73725,72174,70732,70417,70309,69213,68509,67181,66705,66833,67309,68056,67606,67100,66635,67053,68129,68855]        }
        ],

################# NY #################
        series: [{
            name: 'Currently Infected',
            color: '#00DDDD',
            lineWidth: 5,
            data: [328,421,524,729,956,1692,3018,5334,8354,10319,15681,20618,25979,32505,37010,43630,48545,52908,57702,61087,64069,67908,71864,77275,78373,80259,83562,85778,87489,90432,90048,87877,82788,81924,84451,81371,80123,76678,71805,67713,63714,63007,61706,58908,62142,60066,56988,54258,54087,54307,52977,50654,46458,39077,36163,35501,35986,34585,33237,31270,29473,26426,25730,25901,26306,25229,23892,22792,22175,22030,23101,22468,21187,19230,17767,17247,16193,16393,16284,15240,14360,13875,13521,13248,13394,13678,12788,11864,11276,10761,10420,9818,9749,9203,8556,8271,8056,7731,7766,8103,8099,7879,7535,7381,7274,7390,7584,7592,7194,6894,6572,6633,7004,7419,7363,7061,6833,6706,6935,7236,7411,7167,6864,6666,7010,7426,7887,8149,8242,8148,8064,8115,8273,8251,8158,7900,7473,7352,7098,7189,7247,7348,7150,6711,6561,6806,6713,6906,6931,6828,6508,6346,6590,6668,6641,6769,6771,6607,6290,6404,6575,6543,6587,6465,6312,6052,6020,6176,6359,6315,6316,6279,6321,6989,7240,7598,8168,8074,8096,7974,8206,8092,7588,7792,7676,7146,7112,7175,7340,7320,7580,7786,7683,7546,7612,7557,7795,8056,8071,8076,8039,8354,8720,9391,10381,11059,11303,11450,11966,12437,13180,13743,13716,13153,12582,12897,13052,13207,13469,13318,13111,12907,13061,13972,14138,14615,15045,14905,14532,15135,15998,17289,17530,17798,18189,18017,18857,19599,20599,21755,22581,23631,25233,27013,29801,32429,35742,37847,38233,38880,40695,42480,44276,45166,45675,45430,46589,48440,50373,52013,54654,54652,55869,57638,60025,63087,67753,72607,75963,77234,79680,82684,85953,88620,89953,90325,89351,88999,90336,92267,93731,95669,94719,93781,93033,93046,95560,97430,98924,98561,93801,95552,97461,101579,108739,109987,112147,113898,114986,120278,125948,132291,137069,136641,138003,138562,140229,143251,144164,147589,144739,139603,135379,134042,132565,131582,132041,131129,123661,121494,119479,118313,118294,117427,115881,111021,107370,103023,96101,92204,89929,87434,84366,80856,78643,76504,78456,81025,82090,81384,76699,74306,71598,70440,72118,69413,67235,65302,63893,63864,65518,67650,68702,67256,66402,66057,67160,68173,70982,69606,67969,65641,65277,65142,66030,67424,66158,63072,61762,61574,64868,65974,67687,68243,67006,67188,68112,69247,71026,70605,70427,71534,71975,70765,72623,74750,75349,74863,73496,72483,68863,68284,70309,70844,68926,67676,65081,62902,62251,63582,62875,62390,58967,56203,53874,53204,53129,51906,49024,46452,41554,38767,37670,37476,36922,35510,33266,31565,29881,28952,28963,28299,27199,25362,23569,22406,21827,21862,21711,20441,19731,18218,17140,16832,16851,16621,15602,14449,14008,12941,12362,12505,12030,11303,10433,9577,8940,8229,8102,7944,7558,7114,6715,6389,6409,6660,6821,6793,6360,5937,5707,5552,5638,5590,5366,5087,4777,4594,4606,4577,4620,4546,4426,4304,4308,4379,4603,4928,4999,4978,4866,4736,4862,5314,5817,6093,6115,6321,6506,7012,7868,8439,8944,9158,9297,9726,10686,11747,12802,13860,14590,14773,15284,16641,18288,19455,20850,21483,21634,22814,24507,26634,28289,29760,30482,31400,32152,34109,36067,37608,38285,38871,38562,38834,39569,41738,42564,42223,41468,41476,40473,40675,42489,44097,43538,43501,43548,43920,43934,46091,48329,47607,45593,44110,42774,43127,44422,46104,46077,44697,44802,44973,46893,49807,50821,49955,49071,48221,48622,48592,48988,49836,48185,45840,46153,45160,46410,46123,46621,46092,44117,43047,43667,44360,45452,44869,44028,41598,42693,42783,44149,44516,44563,43915,41689,42329,42510,41952,42034,40641,39930,36873,35474,35552,34925,36126,36382,35722,35592,35760,35997,36864,38049,38373,38723,37745,38721,39188,40962,43525,46167,47918,47900,49324,50185,52181,55163,56621,58074,56833,57718,60325,61287,63426,62398,59693,58023,58448,59807,64140,67029,71484,73095,76976,81203,84381,87658,92083,90617,91288,90606,94116,92693,98597,107548,118193,127721,139264,154748,165757,182916,212992,243002,265550,285663,296480,317987,358820,408010,455096,501629,517588,533313,545349,594415,638249,651780,665782,659576,636406,631849,635619,643442,620657,577366,541698,484200,447996,413040,385632,361005,322922,283389,257633,227624,221629,204671,192971,174343,145933,131867,121749,113902,108633,95854,85043,75539,70483,69380,66847,66031,61349,54933,49188,46443,43621,42423,40311,38446,33338,29987,28816,28057,27013,27008,25518,23641,20356,19818,19715,19479,19631,19275,18772,17700,17562,17184,17014,16958,17162,16158,15430,14803,16800,17098,18219,18533,19033,18742,19082,19504,21626,21956,23534,23888,24210,24940,25896,27417,30199,30354,30018,29839,30541,31254,32507,36991,41474,44849,48751,50082,50978,54259,58997,62231,65683]        }
        ],

################# CA #################

series: [{
            name: 'Currently Infected',
            color: '#00DDDD',
            lineWidth: 5,
            data: [251,296,369,437,571,720,864,1025,1222,1409,1769,2146,2570,2996,4001,4765,5501,6152,7154,7573,8862,9881,11287,12590,13967,14926,16332,17612,18707,19800,20868,21839,22759,24118,24932,25652,27124,28581,29274,31509,31361,32963,34827,36300,37767,38941,40365,41452,43806,45302,46891,48082,49329,46739,48633,49330,50479,52001,54173,54743,55834,56916,58386,59710,61336,63031,64500,64238,65970,67805,69110,70524,72301,74114,75256,75701,76282,77834,79938,82711,85260,87114,89381,91064,89239,90435,92519,95050,96001,97692,98566,100460,103037,105530,107870,108901,111315,113952,116545,118851,122162,125359,129847,134276,137590,141637,144401,148149,152925,158171,161996,167815,175596,181853,189742,195265,199077,203623,209690,214801,220674,227396,234408,239862,246908,252792,259923,265054,271476,278826,282809,289424,287514,293146,298266,306830,311304,313214,315792,317637,315796,318077,323402,328044,321632,321437,321458,324086,324870,329375,334492,338426,343560,344307,346826,353018,359833,364685,364604,362875,365998,367853,368971,372089,375854,374456,374829,363188,362716,362965,364547,367044,365547,365607,365824,366091,366462,369319,371273,371661,368861,367644,368072,367021,369458,371081,369747,368361,368778,369976,370464,369858,371725,372883,373270,373719,375325,376345,377465,379206,379048,379836,380698,382323,383293,385337,387559,386452,387796,388925,391063,392547,394519,396465,397013,398079,399277,399778,398539,400271,403034,404630,409355,410623,413548,417274,419683,421572,422205,424613,426563,429272,431854,434144,436821,438279,441236,444405,448795,452632,456741,461146,464445,470362,475521,481130,488173,494450,501992,508096,516149,524428,534556,544446,555649,563271,573498,585807,594481,604751,615830,625118,635037,641954,652485,664185,680523,698162,719592,745757,761411,780862,806958,836459,863726,887199,915994,933598,955586,1007184,1037480,1076106,1105770,1145759,1161696,1181728,1212596,1236881,1275032,1305939,1327165,1300650,1309030,1332437,1335698,1382890,1420893,1455106,1432660,1454790,1476123,1502195,1539242,1576806,1608836,1609932,1634498,1660494,1680775,1696585,1708880,1715884,1716838,1724111,1718244,1710831,1701350,1686562,1681863,1671050,1662999,1645350,1602527,1575857,1542737,1518564,1494055,1462948,1439749,1408547,1386400,1358699,1326784,1303863,1274996,1247417,1223921,1200772,1160842,1118300,1084127,1058360,1025235,995347,960813,914253,869825,829543,794745,755934,719174,684862,649041,615168,586210,560115,529320,513689,492974,471533,450837,429109,409491,390514,375131,358192,340359,325081,313773,297135,287458,277980,266355,254191,244442,237102,225761,217315,211149,203724,196109,189239,186419,183035,177246,173286,169790,164725,160114,158673,155807,151809,148396,146532,142429,141572,141864,140140,138207,136584,134222,130922,128388,128154,126649,124516,123169,121901,119571,118400,118888,118175,117763,115943,114446,112689,111803,112349,111579,110619,110350,109958,107728,106589,106570,104902,104005,103387,102590,99910,97729,97416,95300,94553,93737,92310,89416,86949,84795,82348,80905,79886,78567,76402,74926,73495,72174,70342,69462,68334,66737,66098,65869,64162,62944,62381,61604,59995,58974,58712,57386,55940,55377,53846,52173,51523,51750,50617,50017,49628,49015,47887,47593,48381,47906,48088,48077,48594,48391,48960,49756,50065,51222,52447,53598,54965,56948,59737,63085,66143,69507,73526,77453,81462,85682,90405,96222,102623,111518,117913,124006,129650,137293,144218,153237,163719,172959,181878,190331,199803,210172,221800,235810,245574,255406,265151,276849,288812,300037,314365,325242,335134,343788,357653,371192,383348,397915,408350,416802,424537,436193,446836,456070,468457,477202,484198,492165,505367,517006,522133,529034,528982,531690,533480,534824,538051,539955,541494,541238,541243,540080,541035,540219,537937,536933,529474,524934,520756,519466,514534,508280,503297,494877,488225,483105,481164,473000,465751,459898,448461,440074,434018,430372,421467,412989,406260,394563,384936,377115,370333,358746,347462,342011,332972,328220,322771,320232,317757,312078,309503,304049,298223,292732,290972,287058,283789,281363,275465,273509,271863,270094,267051,265377,267295,265878,263897,262540,262783,259606,257698,254788,250369,250052,250731,251311,250467,249848,250606,248933,248340,247882,249411,247554,244891,242553,240566,240231,239362,239829,239426,240844,243452,244419,245725,245790,246972,247278,247050,247850,247177,247242,246941,248534,250184,250054,252917,254607,258633,261724,266324,275311,290187,309823,327685,344115,356453,379137,411783,456187,506753,560534,613608,663403,721994,787686,864362,973529,1086481,1210343,1326888,1424340,1547997,1662839,1782685,1882358,1992395,2088789,2184993,2274138,2380625,2513603,2620230,2710383,2796305,2857379,2925490,2996133,3071904,3124790,3171082,3207892,3229762,3261450,3281579,3307253,3305590,3300928,3295829,3313710,3329074,3319620,3292521,3251766,3206774,3161199,3120533,3071870,3013109,2945713,2843025,2736012,2616084,2502972,2407803,2293221,2186377,2066741,1964864,1851775,1751947,1655565,1570709,1463956,1329409,1218789,1126729,1038465,976623,908788,836939,758855,699883,646394,601564,573810,537999,507029,464609,467498,446884,430382,418270,387797,347937,321442,300128,286840,272737,262921,254960,245367,248029,224095,215817,208433,203969,199211,193618,182740,172388,168657,165014,162954,162644,164209,153980]        }
        ],

################# PA #################

series: [{
            name: 'Currently Infected',
            color: '#00DDDD',
            lineWidth: 5,
            data: [25,34,51,63,78,108,145,213,319,434,545,690,944,1198,1735,2272,2818,3450,4147,4904,5840,6957,8345,9991,11382,12852,14312,15990,17968,19688,20884,22005,23262,24263,25409,26543,28245,29916,31048,31832,32949,34193,35935,37524,39001,40263,41137,42367,43246,44640,46150,47374,48288,49156,49689,50444,51265,52560,53572,54941,55515,50924,51312,52081,52950,53953,54466,55050,55518,56122,56581,26690,25606,25175,24742,25194,25763,23097,22585,22077,21544,21665,21704,21087,20403,19732,19943,19245,19194,19112,19148,19282,19448,19464,19391,19339,19206,19177,19185,19293,19517,19583,19562,15026,13423,13938,14497,15059,15475,15637,15728,15827,15967,16183,16347,16525,16685,17452,17802,17961,18062,18241,18449,18477,18652,19598,20015,20244,20440,20606,21342,22058,22329,22475,22730,23034,23245,23374,23594,23727,23961,24223,23300,23456,23593,24409,23924,24087,23072,23250,24026,23586,23734,22699,22924,23078,23245,22150,22283,22320,22446,21300,21457,21602,21704,20479,20593,20676,20798,20949,19738,19876,19961,20776,20339,21410,20617,21568,20857,21437,21920,21268,21369,21540,21738,22389,22020,22155,22261,22421,22577,22506,23164,23718,24554,24612,23282,24273,23673,24581,23938,25330,24425,24488,24656,25845,24948,25170,25262,26604,27349,27634,27924,29091,28335,29636,30540,30811,31172,31562,32824,32138,33650,34600,34998,37137,37821,39562,38809,40991,41511,42171,44655,45363,47442,46366,49250,49861,50566,53802,54756,57925,58853,62501,66267,67754,72193,77731,83182,82416,87185,92012,94125,99667,105105,111979,112616,114505,120622,128968,129924,132818,138202,140197,142482,146228,153916,163188,168018,176216,174551,183141,181567,186570,191693,196365,206014,203137,207272,206140,204368,207863,206456,212828,211264,214514,212426,209238,216114,223372,228331,210889,207889,204813,200492,208777,191962,196753,188172,190503,186496,181795,177698,179976,187197,175358,177312,171741,165029,166926,168139,173803,162199,163611,156340,157464,150474,151556,155297,152737,153948,146404,140013,140408,133077,136923,134605,134595,126410,118194,119154,111106,115437,117766,112408,103593,104114,95106,95276,97724,99589,86888,87185,87425,87678,78754,80651,79066,79343,70256,70502,70816,71266,73007,73444,69919,71879,62870,62974,65791,64758,66194,63600,63812,54514,54759,54965,56887,55229,55439,55922,56171,56506,56704,59070,57056,59717,64591,68328,68865,72951,71379,69670,70525,70821,71161,71855,77313,80565,82783,83984,84327,84553,85210,85546,89221,91755,97903,98699,99144,99709,100269,103231,100322,101334,101691,102444,106516,109666,111686,112697,115630,115672,116482,105230,105522,107979,105719,106176,106591,95039,95361,95564,96862,95689,96146,84389,84624,84955,72959,73962,72920,73245,73301,61365,61681,61479,62429,61614,61963,49916,50005,50093,50132,50644,51060,38043,38222,38196,38319,38962,39353,26307,26499,26440,26473,26552,26906,27095,26493,26504,26466,26517,23578,20607,17504,14390,14453,14523,14522,14473,14671,14801,14493,14525,14512,14513,14388,14613,14760,14883,14428,14444,14477,14492,14761,14962,14563,14583,14626,14631,14660,15106,15448,14718,14758,14809,14843,14950,15616,16211,16646,17718,18542,19623,20675,21870,22863,23751,25315,26500,28102,28213,29921,31202,28367,30497,32389,34732,36786,39060,41195,41543,42182,42159,46103,48592,51384,52735,53719,55945,51229,54449,58395,61559,63476,65348,65862,66891,66021,70061,74698,77795,80281,80536,81462,81863,82379,83923,87707,90836,95489,97580,98477,99407,104686,103384,100118,103901,107416,111971,116007,121319,114426,117481,117823,118445,118934,119508,123496,122883,120458,121552,121786,122705,123088,128465,132530,135280,125019,125088,125913,125872,130641,129255,127008,127276,128333,128049,113131,113807,114092,113914,114160,114714,115081,115571,115998,115929,115321,115903,116872,117143,117715,118289,118833,102777,103011,101688,102359,103653,105500,105741,105806,106893,106897,108253,108089,108670,108277,108876,114647,121582,122991,123105,123186,123308,123790,124670,124927,125781,127385,127379,127713,132863,140315,146863,148182,149118,149651,157582,150245,151460,151752,152795,153107,153980,160680,165344,174134,156888,167801,181632,193551,201290,207505,185728,187949,196346,208921,225673,240202,249742,267006,285169,307249,327447,354153,377517,392134,409817,427413,438908,453137,470561,496565,494246,492677,491956,486334,480658,479202,472103,456080,442809,425042,412452,392391,377441,360440,336356,313769,295761,277650,259079,232100,222679,210733,195104,182938,168515,154487,148839,142884,132216,121958,107874,98227,88030,85706,82738,76639,71831,66585,61809,58133,57854,56625,53629,49320,45939,43040,39302,38053,36689,34807,33195,30696,28829,25486,25006,24149,23090,21244,20218,19953,18237,18013,17779,17036,16332,15685,15564,15130,15160,14964,14277,13651,13177,13113,13034,13241,12994,12910,12917,12458,12747,13234,14278,14439,14559,15268,15947,16609,17544,18214]        }
        ],

################# IL #################

series: [{
            name: 'Currently Infected',
            color: '#00DDDD',
            lineWidth: 5,
            data: [30,44,62,91,103,158,286,418,581,749,1044,1279,1527,1856,2526,3009,3464,4558,5014,5930,6879,7583,8746,10174,10999,11977,13197,14652,15937,17341,18559,20198,21303,22457,23730,24750,26540,28007,28624,29722,31161,33124,34836,37467,39519,41599,43541,45628,47803,50239,53291,55652,58605,60877,62833,64979,67497,70270,72499,74108,75327,78311,79526,82647,84760,86670,88366,90617,92007,94260,96335,97937,100227,102683,104116,105262,106216,107647,109193,109751,53524,54481,54437,54223,53717,54142,54258,54630,55042,54667,54332,53976,42456,42719,43123,43342,42938,42243,42105,25814,26418,27073,26817,26833,26513,26764,27026,27379,24626,25131,25505,25866,26135,26622,27334,27873,28387,28358,28738,29422,30483,31278,31915,32698,32988,34042,34882,14876,15792,16657,17710,18205,19343,20567,21807,22993,24514,25385,25861,26934,28690,30021,31500,32687,33805,34896,36095,37628,39339,41169,42451,43750,44899,46244,47598,49392,51120,52322,53855,55075,56890,58182,59997,62013,63786,65238,66338,67755,69002,71036,72696,74468,75996,76728,78316,79196,43505,45736,47014,48195,49412,50049,51302,52826,54397,55509,56757,57773,58839,60270,62014,63918,64970,66272,67078,68376,69883,72055,73871,75150,76534,77321,78719,80285,81561,83228,84256,85759,86601,88181,90440,92685,94840,97342,99759,101885,103547,106237,77164,79477,82501,84310,86238,88641,91531,93027,97960,100756,104189,106558,110613,114368,119072,125532,130983,136056,140481,146053,153689,161768,172684,180812,189784,199763,212267,218828,231356,239484,247316,256101,265778,270590,279968,289090,296453,303110,307564,312435,318629,326544,327738,331226,333435,335383,341601,344556,348168,350633,353177,354294,356280,356433,354503,354941,351858,350520,347117,341742,336490,330877,324172,320452,317307,311700,303824,301263,293470,287534,281426,274736,270169,265187,259556,254925,255415,254713,252369,250650,243209,240331,236976,235222,234565,233663,229720,226660,225083,219842,217161,214987,213079,210131,206215,203590,199619,197278,196682,195834,194482,191273,188242,185066,183557,184450,184044,182049,178831,173818,169146,165345,164284,162834,159841,154743,149365,143504,137060,133010,130366,127251,122093,117642,112885,108208,105080,102822,101002,97953,94858,91931,86847,84141,82656,80977,78452,76301,74280,71857,69970,70085,68874,67779,65981,64380,62436,61154,60784,60543,59255,58455,57284,57047,57353,57684,57691,57585,57660,58519,58500,59606,60685,61672,61781,62176,62902,64006,65461,67060,68357,68890,69729,71782,74058,75500,78075,79841,80760,82271,84102,85919,88112,89820,91700,91656,92612,93045,93822,95211,96675,97476,97778,97546,98085,98458,98963,99503,99590,99221,98858,97740,96267,96733,96001,95630,94123,91897,89968,87878,86066,84617,83418,81189,79156,77215,74881,73277,71706,70696,69053,67111,65092,62611,60682,59441,57900,55854,53540,50647,48144,45985,44656,42917,40959,38934,37586,34636,33327,31862,30734,29346,27790,26242,24654,23268,22335,21403,20375,18933,17665,16335,15544,14913,14283,13651,12838,12216,11700,11262,11075,10888,10701,10512,10315,10305,10416,10703,10910,11051,11220,11608,12067,12476,13465,14609,14603,14999,15713,17607,18792,20171,21587,22033,23445,25287,26678,28779,30953,32690,33602,36024,37920,40607,43329,46350,48599,50260,52746,56054,58503,61364,64863,66969,68909,71792,74741,77238,81126,84463,85604,87740,89774,92202,94727,98279,100273,103150,104143,106918,110397,112253,116028,118061,118803,119130,119595,120451,122154,124394,126407,126625,125699,126431,127524,128361,127885,128538,128256,127530,126710,127076,125672,124751,124577,124044,123397,121354,120275,118683,118637,118073,116293,114284,112191,110884,108291,106874,108289,110988,112752,102944,101115,98266,96035,95604,94103,92377,90281,88373,86929,86313,85779,84668,83623,82302,80823,80120,80259,82988,84749,79820,79237,77649,78574,78244,81193,83513,78699,78040,79705,81751,83493,84660,85795,86023,86126,88646,91861,94949,97914,98340,101411,103587,106508,109864,109989,111883,112918,115452,119154,122652,131503,136279,142621,146624,149590,154850,157262,163599,168139,175429,178611,180949,183292,188871,196842,204276,212770,217591,227048,232308,243209,256391,273497,283470,290509,296381,312047,327717,355863,387224,409492,424032,427653,445948,466678,503141,539620,561952,584881,597501,618922,644119,673546,693510,725017,746539,752641,759607,774148,786503,815581,856498,840226,849591,846681,843402,836650,838113,847800,855023,820231,807808,786941,795206,751758,757225,760835,705828,679472,640227,602786,579134,552728,555733,511335,479785,446089,419039,390656,370920,352756,333787,308927,288445,249764,210774,199313,190678,178219,164409,151695,137466,129003,122820,116947,109076,100777,94073,85419,81718,79129,74969,69872,66755,62420,58338,56621,54743,52543,50446,48567,47167,45743,45214,44920,44147,43353,42220,41608,41143,40063,40576,40321,39276,39425,40458,40633,41850,43644,43350,43800,43935,44603,46130,47435,46914]        }
        ],